SENSOR_1_COEFFICIENTS
a5=1.999030384322e-10
a4=-1.722821675076e-07
a3=5.797553808762e-05
a2=-8.686156983399e-03
a1=1.512449810371e+00
a0=-4.084151240311e+01

SENSOR_2_COEFFICIENTS
a5=4.540743031121e-10
a4=-3.277842884454e-07
a3=9.332844835158e-05
a2=-1.242225074200e-02
a1=1.744690786191e+00
a0=-3.174059618503e+01
