LEFT_SENSOR_COEFFICIENTS
a5=-5.076782275140e-10
a4=5.326934478701e-07
a3=-2.092286979461e-04
a2=3.916200379521e-02
a1=-2.467207724739e+00
a0=8.026264062793e+01

RIGHT_SENSOR_COEFFICIENTS
a5=-5.286476738406e-07
a4=3.964599442542e-04
a3=-1.150813806135e-01
a2=1.606108654117e+01
a1=-1.066906468308e+03
a0=2.667992306468e+04
